Cohort	Phenotype	direct_n_median_hm3	population_n_median_hm3	N_SNP_preqc	N_SNP_postqc	Genetic Correlation	Genetic Correlation SE
Lifelines	Ea	4584.0	8982.0	2891216	2871666	0.8023	0.1377
Lifelines	Bmi	7682.0	14203.0	2891216	2873747	0.8592	0.0775
Lifelines	Height	11508.0	13319.0	2891216	2873801	0.9365	0.1174
Lifelines	Hdl	7390.0	14315.0	2891216	2873743	0.9959	0.1881
Lifelines	Hdl18	6424.0	12824.0	2891216	2872906	1.1301	0.2999
Lifelines	Ldl18	6095.0	13105.0	2891216	2872803		
Lifelines	Ldl	6566.0	15108.0	2891216	2873616	0.4173	0.1422
Lifelines	Tgl18	5801.0	13464.0	2891216	2872762		
Lifelines	Tgl	6566.0	15108.0	2891216	2873616	0.4173	0.1422
Lifelines	Cho	6892.0	14719.0	2891216	2873717	1.089	0.1653
Lifelines	Cho18	6094.0	13106.0	2891216	2872802	1.1306	0.2131
Lifelines	Es18	5581.0	12329.0	2891216	2872819	-0.8126	0.1127
Lifelines	Es	5581.0	12329.0	2891216	2872819	-0.8126	0.1127
Lifelines	Cognition18	3202.0	7662.0	2891216	2870043	0.6474	0.2265
Lifelines	Cognition	3202.0	7662.0	2891216	2870043	0.6474	0.2265
Estonian_Biobank	Ea	15093.0	36516.0	8381066	3264119	0.9642	0.0649
Estonian_Biobank	Bmi	23496.0	56315.0	8381066	3266821	0.9075	0.0268
Estonian_Biobank	Depression	29380.0	76554.0	8381066	3268004		
Estonian_Biobank	Smoking	22240.0	55645.0	8381066	3266796	-0.888	0.0391
Estonian_Biobank	Aafb	9723.0	25651.0	8381066	3264352	1.0673	0.1858
Estonian_Biobank	Asthma	29479.0	77458.0	8381066	3268098	0.9921	0.1339
Estonian_Biobank	Eczema	25211.0	66280.0	8381066	3267475	1.0907	0.4012
Estonian_Biobank	Hayfever	22654.0	57018.0	8381066	3266803		
Estonian_Biobank	Migraine	25971.0	68034.0	8381066	3267638		
Estonian_Biobank	Mdd	28918.0	76203.0	8381066	3268203	0.8636	0.1935
Ukb	Ea	19183.0	34419.0	1140382	1133498	1.0234	0.0334
Ukb	Bmi	16292.0	35590.0	1140382	1133502	0.9496	0.0224
Ukb	Height	22484.0	33649.0	1140382	1133513	0.9784	0.0151
Ukb	Swb	4266.0	11690.0	1140382	1134067	0.6175	0.1522
Ukb	Nonhdl	12985.0	32545.0	1140382	1133485	0.7734	0.095
Ukb	Hdl	14014.0	31709.0	1140382	1133524	0.9373	0.0584
Ukb	Bps	13848.0	34790.0	1140382	1133546	0.9202	0.0504
Ukb	Srh	14714.0	37165.0	1140382	1133491	-1.038	0.0778
Ukb	Bpd	13832.0	34814.0	1140382	1133548	0.7942	0.037
Ukb	Fev	14488.0	33277.0	1140382	1133489	0.7771	0.0255
Ukb	Es	15141.0	36627.0	1140382	1133492	-1.1235	0.0894
Ukb	Cpd	4232.0	11468.0	1140382	1133867	-0.7883	0.1086
Ukb	Dpw	4647.0	12750.0	1140382	1133775	-0.7561	0.1239
Ukb	Cognition	4720.0	11099.0	1140382	1134217	1.0116	0.0857
Ukb	Neuroticism	11834.0	30885.0	1140382	1133457	0.9548	0.0572
Ukb	Aafb	5947.0	15080.0	1140382	1133944	1.0359	0.1162
Ukb	Income	13367.0	32060.0	1140382	1133446	0.783	0.0546
Ukb	Depression	13477.0	35555.0	1140382	1133345	0.8512	0.1293
Ukb	Nchildren	14427.0	37521.0	1140382	1133530	1.0785	0.2183
Minn_Twins	Bmi	568.0	1636.0	2830495	2809999	1.1505	0.9728
Minn_Twins	Ea	420.0	598.0	2830495	2808203	0.5782	0.2655
Minn_Twins	Height	978.0	1500.0	2830495	2810585	0.8709	0.2495
Minn_Twins	Cpd	503.0	236.0	2830495	2785359	0.1709	0.6096
Minn_Twins	Dpw	282.0	1773.0	2830495	2806976		
Minn_Twins	Es	276.0	627.0	2830495	2803822		
Minn_Twins	Income	203.0	587.0	2830495	2800992		
Minn_Twins	Swb	414.0	1793.0	2830495	2809981	0.6795	0.3074
Minn_Twins	Bps	450.0	1613.0	2830495	2809278		
Minn_Twins	Iq	418.0	620.0	2830495	2806031		
Minn_Twins	Stress	392.0	1851.0	2830495	2809971	0.6754	0.7058
Gs	Bmi	6723.0	12490.0	1211663	738241	0.9891	0.0851
Gs	Height	8565.0	12153.0	1211663	738233	0.9503	0.0528
Gs	Nonhdl	6040.0	12370.0	1211663	738193	0.8967	0.1515
Gs	Hdl	6458.0	12105.0	1211663	738145	1.0824	0.2222
Gs	Fev	5291.0	11135.0	1211663	738276	0.8673	0.1299
Gs	Cpd	2456.0	5733.0	1211663	737921		
Gs	Cognition	6566.0	12419.0	1211663	738218	0.7118	0.0782
Gs	Bps	6129.0	13071.0	1211663	738261	0.7857	0.1292
Gs	Bpd	6131.0	13060.0	1211663	738243	0.83	0.1061
Gs	Neuroticism	6081.0	13138.0	1211663	738265		
Gs	Ea_Years	6368.0	11982.0	1211663	738171	0.7827	0.1068
Gs	Ea	6553.0	11907.0	1211663	738165	0.7612	0.0835
Moba	Ea	2059.0	4121.0	3306768	3210199	0.9096	0.3165
Moba	Bmi	1926.0	3999.0	2789727	2730999	0.9508	0.312
Moba	Height	2406.0	3906.0	2789727	2729534	0.8595	0.0995
Moba	Depsymp	1561.0	4189.0	2789727	2731993		
Moba	Income	1859.0	4226.0	2789727	2733033		
Moba	Nchildren	1868.0	4234.0	2789727	2732815	0.8492	0.8568
Str	Ea	4204.0	9438.0	2108779	1459748	0.882	0.6266
Str	Bmi	1754.0	4600.0	134325	132589		
Str	Height	2571.0	5348.0	134325	132738	1.1353	0.2495
Str	Cpd	1069.0	3139.0	134314	132499	-0.5052	0.2645
Str	Dpw	2681.0	7393.0	134498	132617	-0.1011	0.1728
Str	Extraversion	889.0	2551.0	134214	132558		
Str	Hhincome	936.0	2673.0	134210	132493	0.1404	0.1355
Str	Income	5787.0	14047.0	134558	132637	-0.0638	0.2851
Str	Srh	1861.0	5206.0	134499	132669		
Str	Nchildren	2295.0	6538.0	134436	132547		
Str	Iq	1215.0	3170.0	134291	132681	0.4735	0.2392
Str	Swb	935.0	2670.0	134172	132519	0.6141	1.1188
Ft	Ea	4068.0	5282.0	4067790	4038012		
Ft	Bmi	3441.0	7752.0	4068632	4038845	0.826	0.1242
Ft	Height	4828.0	7086.0	4068632	4038845	0.9226	0.081
Ft	Aafb	1070.0	2505.0	4061318	4031618	0.327	0.1801
Ft	Adhd	214.0	577.0	4041471	4013935	0.2707	0.2473
Ft	Cpd	1006.0	2223.0	4063031	4033255	-0.5958	0.2701
Ft	Depression	980.0	2719.0	4061649	4031957	0.8465	1.8412
Ft	Es	3091.0	5194.0	4067253	4037475		
Ft	Hdl	349.0	771.0	4050770	4021083		
Ft	Income	1492.0	3349.0	4063799	4034095		
Ft	Iq	338.0	648.0	4047374	4017925	0.1798	0.118
Ft	Ldl	370.0	758.0	4050770	4021083		
Ft	Nchildren	1349.0	2881.0	4063520	4033817	-0.0127	0.2034
Ft	Neuroticism	1572.0	3992.0	4064798	4035109		
Ft	Bps	266.0	501.0	4046219	4017925	0.4869	0.3672
Ft	Tg	329.0	784.0	4050422	4020739	0.1217	0.1953
Ft	Swb	1968.0	5357.0	4066308	4036515		
Hunt	Ea	14932.0	28821.0	4457952	4080657	1.1196	0.1319
Hunt	Height	28007.0	45162.0	4536718	4085490	0.9466	0.0216
Hunt	Neuroticism	17790.0	39439.0	4536718	4085408	0.7441	0.0706
Hunt	Aafb	6866.0	16067.0	4536718	4082053	1.0395	0.1946
Hunt	Nchildren	5527.0	13611.0	4536718	4081692	0.5827	0.3012
Hunt	Dpw	14748.0	32070.0	4536718	4084351	-0.8991	0.1851
Hunt	Swb	20131.0	45187.0	4536718	4085272	0.8652	0.1274
Hunt	Bmi	22149.0	44552.0	4536718	4085558	0.9065	0.034
Hunt	Agemenarche	10697.0	23355.0	4536718	4083261	0.8608	0.0512
Hunt	Asthma	20210.0	45721.0	4536718	4085353	0.7513	0.0744
Hunt	Deprcat	15876.0	37104.0	4536718	4085459	0.6071	0.204
Hunt	Cpd	8417.0	19586.0	4536718	4082880	-0.9201	0.1407
Hunt	Deprcont	16299.0	36667.0	4536718	4085432	0.6818	0.1348
Hunt	Fev1	4599.0	10453.0	4536718	4080734	0.7576	0.0818
Hunt	Hdl	22252.0	44177.0	4536718	4085427	1.0599	0.1251
Hunt	Hdl_Non	21268.0	44326.0	4536718	4085416	0.716	0.1488
Hunt	Health	20275.0	45279.0	4536718	4085328	-0.7577	0.098
Hunt	Es	21182.0	43658.0	4536718	4085603	-0.937	0.0504
Hunt	Rhinitis	15382.0	35059.0	4536718	4085354		
Hunt	Bpd	20707.0	45102.0	4536718	4085616	0.8863	0.0651
Hunt	Eczemaev	14774.0	33954.0	4536718	4085058	0.9886	0.3017
Hunt	Bps	20637.0	45147.0	4536718	4085607	0.8994	0.0664
Geisinger	Ea	2261.0	5825.0	11141361	706735	0.9524	0.3587
Geisinger	Bmi	16652.0	34709.0	11141361	5625789	0.9432	0.0321
Geisinger	Height	19008.0	34750.0	11141361	5633714	0.9439	0.0234
Geisinger	Depression	14849.0	37122.0	11141361	5621719	0.7606	0.1096
Geisinger	Smoking	15768.0	35936.0	11141361	5622686	-0.9655	0.0614
Geisinger	Asthma	15116.0	37871.0	11141361	5621699		
Geisinger	Eczema	14959.0	38264.0	11141361	5621553	0.0477	0.2068
Geisinger	Adhd	15116.0	37871.0	11141361	5621699	0.468	0.1874
Geisinger	Fev	3427.0	8506.0	11141361	5627268	0.8158	0.1193
Geisinger	Hdl	11726.0	26238.0	11141361	5623332	0.9265	0.0821
Geisinger	Migraine	14854.0	37111.0	11141361	5621722		
Geisinger	Hayfever	15079.0	37954.0	11141361	5621677	0.6012	0.1149
Geisinger	Hdl_Non	11061.0	26729.0	11141361	5623258	0.834	0.1271
Geisinger	Bpd	14739.0	37361.0	11141361	5621645	0.7778	0.1092
Geisinger	Bps	14795.0	37226.0	11141361	5621697	0.7005	0.078
Dutch_Twin	Bmi	2933.0	5083.0	3520061	955214	0.8843	0.1919
Dutch_Twin	Asthma	1470.0	3028.0	3520061	954648	0.6855	0.4492
Dutch_Twin	Cannabis	1452.0	2709.0	3520061	955157		
Dutch_Twin	Cpd	721.0	1438.0	3520061	953713		
Dutch_Twin	Ea	1497.0	2345.0	3520061	954797	0.9805	0.9741
Dutch_Twin	Depression	1559.0	3147.0	3520061	955188	0.6865	0.4636
Dutch_Twin	Bpd	617.0	1051.0	3520061	953509		
Dutch_Twin	Dpw	1539.0	3076.0	3520061	954700	-0.5275	0.4949
Dutch_Twin	Es	2740.0	5041.0	3520061	955144		
Dutch_Twin	Extraversion	1993.0	3906.0	3520061	955423	0.5915	0.2939
Dutch_Twin	Hdl	1831.0	3137.0	3520061	954654	1.0052	0.5217
Dutch_Twin	Height	3786.0	5477.0	3520061	955175	1.0454	0.1341
Dutch_Twin	Migraine	1827.0	3626.0	3520061	955014		
Dutch_Twin	Neuroticism	1984.0	3901.0	3520061	955364	0.7748	0.4498
Dutch_Twin	Nonhdl	1827.0	3139.0	3520061	954653	0.5581	0.2079
Dutch_Twin	Nchildren	422.0	761.0	3520061	952696		
Dutch_Twin	Bps	588.0	1058.0	3520061	953446		
Dutch_Twin	Srh	2622.0	5280.0	3520061	955310	-0.3201	0.285
Dutch_Twin	Morningperson	641.0	1329.0	3520061	954323		
Dutch_Twin	Swb	1990.0	4009.0	3520061	955496		
Dutch_Twin	Menarche	1816.0	3366.0	3520061	955172	0.984	0.3651
Qimr	Ea	4888.0	4911.0	2065546	1719174	0.5806	0.1241
Qimr	Bmi	7742.0	8285.0	2065546	1751417	0.7897	0.0981
Qimr	Height	7482.0	8400.0	2065546	1751005	0.9127	0.1122
